01050004
01410004
02101001
03414001
03421001
04302001
04311001
04313001
04400001
04503001
04515002
04522002
04531002
04703002
04712001
05100001
05101001
05200001
05410002
05411001
05710001
05721001
05722001
05730008
06003001
06027001
07103001
07112001
07115001
07330001
07350003
07354002
07358001
07381001
07400001
08104001
08124001
08132001
08134003
08135002
08220001
08307002
08317002
08323002
08330001
08332001
08342001
08343001
08351001
08356001
08362001
09101002
09102001
09104002
09107001
09116001
09122002
09123001
09126001
09127001
09129002
09131001
09134001
09135001
09404001
09434001
09436001
10100002
10102001
10111001
10122001
10134001
10137001
10140001
10142003
10304001
10305001
10311001
10327001
10356001
10401001
10432003
10503001
10514001
10704002
11020004
11130001
11143001
11143002
11147001
11302001
11307001
11310002
11310003
11315001
11316001
11335002
11337001
11405001
11505001
11514001
11521001
11530000
11536001
11536004
11701001
12280002
12284002
12284005
12285001
12285003
12287001
12291001
12400003
12400004
12448001
12452001
12561001
12563001
12582001
12585001
12586001
12600001
12622001
12660001
12802001
12805001
12806001
12820001
12861001
12865001
12872001
12876001
12878001
12930001
